400.00	18.05	17.02	50.09	2.94	-2.95	-0.00	-0.00	381.81	-0.12	18.05	17.02	50.09	2.94	0.00	2.94	-2.95	-0.00	-181.88	0.23	0.23	0.23	-1.87	-1.87	1.87	-1.87	-0.00	0.00	0.00	0.00	0.00	0.00	
400.00	-72.78	-74.58	25.35	1.49	-1.49	0.00	-0.00	390.09	-82.68	-72.78	-74.58	25.35	1.49	0.00	1.49	-1.49	-0.00	-99.11	0.13	0.13	0.13	-3.36	1.45	3.36	1.45	4.81	0.00	0.00	0.00	0.00	0.00	
400.00	-80.93	-83.04	-16.99	-1.00	1.00	0.01	0.00	398.36	-82.57	-80.93	-83.04	-16.99	-1.00	0.00	-1.00	1.00	0.00	-16.42	0.02	0.02	0.02	-2.35	2.48	2.35	2.48	4.82	0.00	0.00	0.00	0.00	0.00	
400.00	-47.82	-49.87	-36.34	-2.13	2.14	0.01	0.00	402.86	-44.97	-47.82	-49.87	-36.34	-2.13	0.00	-2.13	2.14	0.00	28.61	-0.04	-0.04	-0.04	-0.21	1.14	0.21	1.14	1.34	0.00	0.00	0.00	0.00	0.00	
400.00	-11.03	-12.86	-1.57	-0.10	0.09	0.01	0.00	403.60	-7.43	-11.03	-12.86	-1.57	-0.10	0.00	-0.10	0.09	0.00	36.05	-0.06	-0.06	-0.06	-0.11	1.23	0.10	1.23	1.32	0.00	0.00	0.00	0.00	0.00	
400.00	10.72	9.13	-0.15	-0.01	0.01	0.01	0.00	402.30	13.01	10.72	9.13	-0.15	-0.01	0.00	-0.01	0.01	0.00	23.04	-0.06	-0.06	-0.06	-0.09	1.23	0.09	1.23	1.31	0.00	0.00	0.00	0.00	0.00	
400.00	15.72	14.37	2.19	0.13	-0.13	0.00	0.00	400.66	16.38	15.72	14.37	2.19	0.13	0.00	0.13	-0.13	0.00	6.64	-0.05	-0.05	-0.05	-0.21	1.09	0.21	1.09	1.29	0.00	0.00	0.00	0.00	0.00	
400.00	10.85	9.67	1.97	0.12	-0.11	0.00	0.00	399.62	10.46	10.85	9.67	1.97	0.12	0.00	0.12	-0.11	0.00	-3.83	-0.04	-0.04	-0.04	-0.33	0.97	0.32	0.97	1.29	0.00	0.00	0.00	0.00	0.00	
400.00	3.70	2.67	0.93	0.05	-0.06	0.00	0.00	399.31	3.01	3.70	2.67	0.93	0.05	0.00	0.05	-0.06	0.00	-6.85	-0.03	-0.03	-0.03	-0.37	0.91	0.37	0.91	1.27	0.00	0.00	0.00	0.00	0.00	
400.00	-1.23	-2.13	-0.04	-0.00	0.00	0.00	0.00	399.49	-1.74	-1.23	-2.13	-0.04	-0.00	0.00	-0.00	0.00	0.00	-5.10	-0.03	-0.03	-0.03	-0.37	0.91	0.36	0.91	1.26	0.00	0.00	0.00	0.00	0.00	
400.00	-2.91	-3.65	-0.50	-0.03	0.03	0.00	0.00	399.80	-3.11	-2.91	-3.65	-0.50	-0.03	0.00	-0.03	0.03	0.00	-1.99	-0.04	-0.04	-0.04	-0.33	0.93	0.32	0.93	1.25	0.00	0.00	0.00	0.00	0.00	
400.00	-2.34	-2.92	-0.53	-0.03	0.03	0.00	0.00	400.03	-2.32	-2.34	-2.92	-0.53	-0.03	0.00	-0.03	0.03	0.00	0.33	-0.04	-0.04	-0.04	-0.29	0.96	0.29	0.96	1.24	0.00	0.00	0.00	0.00	0.00	
400.00	-1.02	-1.40	-0.31	-0.02	0.02	0.00	0.00	400.12	-0.90	-1.02	-1.40	-0.31	-0.02	0.00	-0.02	0.02	0.00	1.23	-0.05	-0.05	-0.05	-0.27	0.97	0.27	0.97	1.23	0.00	0.00	0.00	0.00	0.00	
400.00	0.05	-0.13	-0.09	-0.00	0.01	0.00	0.00	400.11	0.15	0.05	-0.13	-0.09	-0.00	0.00	-0.00	0.01	0.00	1.08	-0.05	-0.05	-0.05	-0.26	0.97	0.26	0.97	1.22	0.00	0.00	0.00	0.00	0.00	
400.00	0.51	0.55	0.07	0.00	-0.01	0.00	0.00	400.05	0.56	0.51	0.55	0.07	0.00	0.00	0.00	-0.01	0.00	0.52	-0.05	-0.05	-0.05	-0.26	0.96	0.26	0.96	1.21	0.00	0.00	0.00	0.00	0.00	
400.00	0.49	0.74	0.13	0.01	-0.01	0.00	0.00	400.00	0.49	0.49	0.74	0.13	0.01	0.00	0.01	-0.01	0.00	0.03	-0.05	-0.05	-0.05	-0.26	0.95	0.26	0.95	1.21	0.00	0.00	0.00	0.00	0.00	
400.00	0.26	0.73	0.15	0.01	-0.01	0.00	0.00	399.98	0.24	0.26	0.73	0.15	0.01	0.00	0.01	-0.01	0.00	-0.21	-0.05	-0.05	-0.05	-0.27	0.93	0.26	0.93	1.20	0.00	0.00	0.00	0.00	0.00	
400.00	0.04	0.73	0.14	0.01	-0.01	0.00	-0.00	399.98	0.01	0.04	0.73	0.14	0.01	0.00	0.01	-0.01	-0.00	-0.22	-0.05	-0.05	-0.05	-0.27	0.92	0.27	0.92	1.19	0.00	0.00	0.00	0.00	0.00	
400.00	-0.08	0.84	0.15	0.01	-0.01	0.00	-0.00	399.99	-0.10	-0.08	0.84	0.15	0.01	0.00	0.01	-0.01	-0.00	-0.13	-0.06	-0.06	-0.06	-0.28	0.91	0.27	0.91	1.18	0.00	0.00	0.00	0.00	0.00	
400.00	-0.09	1.05	0.17	0.01	-0.01	0.00	-0.00	400.00	-0.10	-0.09	1.05	0.17	0.01	0.00	0.01	-0.01	-0.00	-0.03	-0.06	-0.06	-0.06	-0.29	0.90	0.28	0.90	1.18	0.00	0.00	0.00	0.00	0.00	
400.00	-0.06	1.32	0.22	0.01	-0.02	0.00	-0.00	400.00	-0.06	-0.06	1.32	0.22	0.01	0.00	0.01	-0.02	-0.00	0.03	-0.06	-0.06	-0.06	-0.30	0.88	0.29	0.88	1.18	0.00	0.00	0.00	0.00	0.00	
400.00	-0.01	1.59	0.26	0.02	-0.01	-0.00	-0.00	400.00	-0.01	-0.01	1.59	0.26	0.02	0.00	0.02	-0.01	-0.00	0.04	-0.06	-0.06	-0.06	-0.31	0.87	0.31	0.87	1.18	0.00	0.00	0.00	0.00	0.00	
400.00	0.01	1.84	0.31	0.01	-0.02	-0.00	-0.00	400.00	0.01	0.01	1.84	0.31	0.01	0.00	0.01	-0.02	-0.00	0.03	-0.06	-0.06	-0.06	-0.33	0.84	0.32	0.84	1.17	0.00	0.00	0.00	0.00	0.00	
400.00	0.02	2.08	0.34	0.02	-0.02	-0.00	-0.00	400.00	0.02	0.02	2.08	0.34	0.02	0.00	0.02	-0.02	-0.00	0.01	-0.05	-0.05	-0.05	-0.35	0.83	0.34	0.83	1.17	0.00	0.00	0.00	0.00	0.00	
400.00	0.02	2.29	0.39	0.02	-0.03	-0.00	-0.00	400.00	0.01	0.02	2.29	0.39	0.02	0.00	0.02	-0.03	-0.00	-0.01	-0.05	-0.05	-0.05	-0.37	0.80	0.36	0.80	1.17	0.00	0.00	0.00	0.00	0.00	
400.00	0.01	2.50	0.41	0.03	-0.02	-0.00	-0.00	400.00	0.00	0.01	2.50	0.41	0.03	0.00	0.03	-0.02	-0.00	-0.01	-0.05	-0.05	-0.05	-0.39	0.78	0.39	0.78	1.17	0.00	0.00	0.00	0.00	0.00	
400.00	0.00	2.70	0.45	0.02	-0.03	-0.00	-0.00	400.00	-0.00	0.00	2.70	0.45	0.02	0.00	0.02	-0.03	-0.00	-0.01	-0.05	-0.05	-0.05	-0.42	0.75	0.41	0.75	1.17	0.00	0.00	0.00	0.00	0.00	
400.00	-0.00	2.90	0.48	0.03	-0.03	-0.00	-0.00	400.00	-0.01	-0.00	2.90	0.48	0.03	0.00	0.03	-0.03	-0.00	-0.00	-0.05	-0.05	-0.05	-0.45	0.72	0.45	0.72	1.17	0.00	0.00	0.00	0.00	0.00	
400.00	-0.00	3.10	0.52	0.03	-0.03	-0.00	-0.00	400.00	-0.01	-0.00	3.10	0.52	0.03	0.00	0.03	-0.03	-0.00	-0.00	-0.05	-0.05	-0.05	-0.48	0.69	0.47	0.69	1.17	0.00	0.00	0.00	0.00	0.00	
400.00	-0.00	3.28	0.54	0.03	-0.03	-0.00	-0.00	400.00	-0.00	-0.00	3.28	0.54	0.03	0.00	0.03	-0.03	-0.00	-0.00	-0.04	-0.04	-0.04	-0.51	0.66	0.51	0.66	1.18	0.00	0.00	0.00	0.00	0.00	
400.00	0.00	3.46	0.58	0.03	-0.04	-0.00	-0.00	400.00	-0.00	0.00	3.46	0.58	0.03	0.00	0.03	-0.04	-0.00	-0.00	-0.04	-0.04	-0.04	-0.54	0.63	0.54	0.63	1.18	0.00	0.00	0.00	0.00	0.00	
400.00	0.00	3.62	0.60	0.04	-0.03	-0.00	-0.01	400.00	-0.00	0.00	3.62	0.60	0.04	0.00	0.04	-0.03	-0.01	-0.00	-0.04	-0.04	-0.04	-0.58	0.59	0.58	0.59	1.18	0.00	0.00	0.00	0.00	0.00	
400.00	-0.00	3.78	0.63	0.03	-0.04	-0.00	-0.01	400.00	-0.00	-0.00	3.78	0.63	0.03	0.00	0.03	-0.04	-0.01	-0.00	-0.04	-0.04	-0.04	-0.62	0.56	0.62	0.56	1.18	0.00	0.00	0.00	0.00	0.00	
400.00	-0.00	3.92	0.65	0.04	-0.04	-0.00	-0.01	400.00	-0.00	-0.00	3.92	0.65	0.04	0.00	0.04	-0.04	-0.01	-0.00	-0.03	-0.03	-0.03	-0.66	0.52	0.66	0.52	1.19	0.00	0.00	0.00	0.00	0.00	
400.00	-0.00	4.05	0.68	0.04	-0.04	-0.00	-0.01	400.00	-0.00	-0.00	4.05	0.68	0.04	0.00	0.04	-0.04	-0.01	-0.00	-0.03	-0.03	-0.03	-0.70	0.48	0.70	0.48	1.20	0.00	0.00	0.00	0.00	0.00	
400.00	-0.00	4.16	0.69	0.04	-0.04	-0.01	-0.01	400.00	-0.00	-0.00	4.16	0.69	0.04	0.00	0.04	-0.04	-0.01	-0.00	-0.03	-0.03	-0.03	-0.75	0.45	0.75	0.45	1.21	0.00	0.00	0.00	0.00	0.00	
400.00	-0.00	4.26	0.72	0.04	-0.05	-0.01	-0.01	400.00	-0.00	-0.00	4.26	0.72	0.04	0.00	0.04	-0.05	-0.01	-0.00	-0.02	-0.02	-0.02	-0.79	0.41	0.79	0.41	1.21	0.00	0.00	0.00	0.00	0.00	
400.00	-0.00	4.35	0.72	0.04	-0.04	-0.01	-0.01	400.00	-0.01	-0.00	4.35	0.72	0.04	0.00	0.04	-0.04	-0.01	-0.00	-0.02	-0.02	-0.02	-0.84	0.37	0.84	0.37	1.22	0.00	0.00	0.00	0.00	0.00	
400.00	-0.00	4.42	0.75	0.04	-0.05	-0.01	-0.01	400.00	-0.01	-0.00	4.42	0.75	0.04	0.00	0.04	-0.05	-0.01	-0.00	-0.02	-0.02	-0.02	-0.89	0.33	0.88	0.33	1.23	0.00	0.00	0.00	0.00	0.00	
400.00	-0.00	4.48	0.75	0.05	-0.04	-0.01	-0.01	400.00	-0.01	-0.00	4.48	0.75	0.05	0.00	0.05	-0.04	-0.01	-0.00	-0.01	-0.01	-0.01	-0.94	0.29	0.94	0.29	1.24	0.00	0.00	0.00	0.00	0.00	
400.00	-0.00	4.52	0.76	0.04	-0.05	-0.01	-0.01	400.00	-0.01	-0.00	4.52	0.76	0.04	0.00	0.04	-0.05	-0.01	-0.00	-0.01	-0.01	-0.01	-0.99	0.25	0.98	0.25	1.24	0.00	0.00	0.00	0.00	0.00	
400.00	-0.00	4.54	0.76	0.05	-0.04	-0.01	-0.01	400.00	-0.01	-0.00	4.54	0.76	0.05	0.00	0.05	-0.04	-0.01	-0.00	-0.00	-0.00	-0.00	-1.04	0.21	1.03	0.21	1.26	0.00	0.00	0.00	0.00	0.00	
400.00	-0.01	4.55	0.77	0.04	-0.05	-0.01	-0.01	400.00	-0.01	-0.01	4.55	0.77	0.04	0.00	0.04	-0.05	-0.01	-0.00	-0.00	-0.00	-0.00	-1.09	0.17	1.08	0.17	1.26	0.00	0.00	0.00	0.00	0.00	
400.00	-0.01	4.54	0.76	0.05	-0.04	-0.01	-0.01	400.00	-0.01	-0.01	4.54	0.76	0.05	0.00	0.05	-0.04	-0.01	-0.00	0.00	0.00	0.00	-1.14	0.13	1.13	0.13	1.28	0.00	0.00	0.00	0.00	0.00	
400.00	-0.01	4.52	0.77	0.04	-0.05	-0.01	-0.01	400.00	-0.01	-0.01	4.52	0.77	0.04	0.00	0.04	-0.05	-0.01	-0.00	0.01	0.01	0.01	-1.19	0.09	1.18	0.09	1.29	0.00	0.00	0.00	0.00	0.00	
400.00	-0.01	4.48	0.75	0.05	-0.04	-0.01	-0.01	400.00	-0.01	-0.01	4.48	0.75	0.05	0.00	0.05	-0.04	-0.01	-0.00	0.01	0.01	0.01	-1.24	0.05	1.24	0.05	1.30	0.00	0.00	0.00	0.00	0.00	
400.00	-0.01	4.42	0.75	0.04	-0.05	-0.01	-0.01	400.00	-0.01	-0.01	4.42	0.75	0.04	0.00	0.04	-0.05	-0.01	-0.00	0.01	0.01	0.01	-1.29	0.01	1.28	0.01	1.31	0.00	0.00	0.00	0.00	0.00	
400.00	-0.01	4.35	0.74	0.05	-0.04	-0.01	-0.01	400.00	-0.01	-0.01	4.35	0.74	0.05	0.00	0.05	-0.04	-0.01	-0.00	0.02	0.02	0.02	-1.34	-0.03	1.34	-0.03	1.33	0.00	0.00	0.00	0.00	0.00	
400.00	-0.01	4.27	0.73	0.04	-0.05	-0.01	-0.01	400.00	-0.00	-0.01	4.27	0.73	0.04	0.00	0.04	-0.05	-0.01	-0.00	0.02	0.02	0.02	-1.39	-0.06	1.38	-0.06	1.34	0.00	0.00	0.00	0.00	0.00	
400.00	-0.01	4.17	1.47	0.09	-0.09	-0.01	-0.01	400.00	-0.00	-0.01	4.17	1.47	0.09	0.00	0.09	-0.09	-0.01	-0.00	0.02	0.02	0.02	-1.48	-0.04	1.48	-0.04	1.46	0.00	0.00	0.00	0.00	0.00	
400.00	-0.01	4.06	1.49	0.08	-0.09	-0.01	-0.01	400.00	-0.00	-0.01	4.06	1.49	0.08	0.00	0.08	-0.09	-0.01	-0.00	0.03	0.03	0.03	-1.57	-0.01	1.57	-0.01	1.58	0.00	0.00	0.00	0.00	0.00	
400.00	199.92	203.60	19.52	1.15	-1.15	-0.01	-0.01	381.81	181.74	199.92	203.60	19.52	1.15	0.00	1.15	-1.15	-0.01	-181.91	0.16	0.16	0.16	-2.73	-1.06	2.72	-1.06	1.69	0.00	0.00	0.00	0.00	0.00	
400.00	381.55	383.83	68.07	4.00	-4.01	-0.01	-0.01	381.78	363.38	381.55	383.83	68.07	4.00	0.00	4.00	-4.01	-0.01	-182.16	0.51	0.51	0.51	-6.73	-2.87	6.72	-2.87	3.88	0.00	0.00	0.00	0.00	0.00	
400.00	472.24	471.41	122.20	7.18	-7.18	0.00	-0.01	390.00	462.34	472.24	471.41	122.20	7.18	0.00	7.18	-7.18	-0.01	-99.95	0.98	0.98	0.98	-13.91	-3.20	13.90	-3.20	10.72	0.00	0.00	0.00	0.00	0.00	
400.00	480.36	474.46	150.82	8.86	-8.87	0.02	0.00	398.21	478.72	480.36	474.46	150.82	8.86	0.00	8.86	-8.87	0.01	-17.85	1.45	1.45	1.45	-22.74	-1.72	22.73	-1.72	21.00	0.00	0.00	0.00	0.00	0.00	
400.00	447.26	434.42	145.91	8.58	-8.58	0.06	0.02	402.67	450.12	447.26	434.42	145.91	8.58	0.00	8.58	-8.58	0.03	26.70	1.88	1.88	1.88	-31.26	0.25	31.24	0.25	31.44	0.00	0.00	0.00	0.00	0.00	
400.00	410.47	388.97	121.87	7.16	-7.17	0.10	0.06	403.37	414.08	410.47	388.97	121.87	7.16	0.00	7.16	-7.17	0.06	33.76	2.27	2.27	2.27	-38.31	1.36	38.30	1.36	39.53	0.00	0.00	0.00	0.00	0.00	
400.00	388.72	357.00	98.86	5.81	-5.81	0.14	0.09	402.04	391.03	388.72	357.00	98.86	5.81	0.00	5.81	-5.81	0.10	20.40	2.63	2.63	2.63	-43.97	1.30	43.96	1.30	45.06	0.00	0.00	0.00	0.00	0.00	
400.00	383.68	340.22	87.56	5.14	-5.15	0.19	0.14	400.36	384.34	383.68	340.22	87.56	5.14	0.00	5.14	-5.15	0.14	3.67	2.99	2.99	2.99	-48.92	0.60	48.91	0.60	49.22	0.00	0.00	0.00	0.00	0.00	
400.00	388.51	331.84	87.21	5.13	-5.13	0.24	0.19	399.28	388.13	388.51	331.84	87.21	5.13	0.00	5.13	-5.13	0.19	-7.14	3.34	3.34	3.34	-53.80	-0.03	53.79	-0.03	53.36	0.00	0.00	0.00	0.00	0.00	
400.00	395.63	324.33	90.82	5.33	-5.34	0.30	0.24	398.95	394.94	395.63	324.33	90.82	5.33	0.00	5.33	-5.34	0.24	-10.50	3.67	3.67	3.67	-58.83	-0.28	58.82	-0.28	58.03	0.00	0.00	0.00	0.00	0.00	
400.00	400.54	313.26	92.61	5.44	-5.45	0.36	0.30	399.09	400.03	400.54	313.26	92.61	5.44	0.00	5.44	-5.45	0.30	-9.09	3.99	3.99	3.99	-63.91	-0.17	63.90	-0.17	63.10	0.00	0.00	0.00	0.00	0.00	
400.00	402.21	297.67	90.37	5.31	-5.32	0.43	0.36	399.37	402.01	402.21	297.67	90.37	5.31	0.00	5.31	-5.32	0.36	-6.29	4.29	4.29	4.29	-68.78	0.05	68.77	0.05	68.07	0.00	0.00	0.00	0.00	0.00	
400.00	401.65	278.63	85.32	5.02	-5.02	0.50	0.42	399.57	401.68	401.65	278.63	85.32	5.02	0.00	5.02	-5.02	0.43	-4.25	4.57	4.57	4.57	-73.30	0.22	73.28	0.22	72.62	0.00	0.00	0.00	0.00	0.00	
400.00	400.32	257.72	79.23	4.65	-4.66	0.57	0.49	399.64	400.44	400.32	257.72	79.23	4.65	0.00	4.65	-4.66	0.50	-3.61	4.83	4.83	4.83	-77.37	0.27	77.36	0.27	76.59	0.00	0.00	0.00	0.00	0.00	
400.00	399.25	236.02	73.56	4.32	-4.33	0.65	0.57	399.60	399.36	399.25	236.02	73.56	4.32	0.00	4.32	-4.33	0.57	-4.00	5.06	5.06	5.06	-81.04	0.25	81.03	0.25	80.08	0.00	0.00	0.00	0.00	0.00	
400.00	398.79	214.00	68.40	4.02	-4.03	0.73	0.65	399.52	398.84	398.79	214.00	68.40	4.02	0.00	4.02	-4.03	0.65	-4.77	5.28	5.28	5.28	-84.31	0.21	84.30	0.21	83.16	0.00	0.00	0.00	0.00	0.00	
400.00	398.81	191.62	63.60	3.74	-3.74	0.82	0.73	399.45	398.81	398.81	191.62	63.60	3.74	0.00	3.74	-3.74	0.73	-5.46	5.47	5.47	5.47	-87.23	0.20	87.22	0.20	85.89	0.00	0.00	0.00	0.00	0.00	
400.00	399.05	168.73	58.59	3.44	-3.45	0.90	0.81	399.41	399.02	399.05	168.73	58.59	3.44	0.00	3.44	-3.45	0.81	-5.86	5.63	5.63	5.63	-89.76	0.20	89.75	0.20	88.25	0.00	0.00	0.00	0.00	0.00	
400.00	399.28	145.20	53.36	3.14	-3.14	0.99	0.90	399.39	399.25	399.28	145.20	53.36	3.14	0.00	3.14	-3.14	0.90	-6.02	5.77	5.77	5.77	-91.90	0.22	91.89	0.22	90.23	0.00	0.00	0.00	0.00	0.00	
400.00	399.41	121.05	47.76	2.80	-2.81	1.08	0.99	399.39	399.39	399.41	121.05	47.76	2.80	0.00	2.80	-2.81	0.99	-6.04	5.88	5.88	5.88	-93.62	0.23	93.61	0.23	91.78	0.00	0.00	0.00	0.00	0.00	
400.00	399.45	96.40	42.07	2.47	-2.47	1.17	1.07	399.39	399.44	399.45	96.40	42.07	2.47	0.00	2.47	-2.47	1.08	-6.02	5.97	5.97	5.97	-94.92	0.24	94.91	0.24	92.91	0.00	0.00	0.00	0.00	0.00	
400.00	399.43	71.39	36.20	2.12	-2.13	1.26	1.16	399.39	399.43	399.43	71.39	36.20	2.12	0.00	2.12	-2.13	1.17	-6.03	6.02	6.02	6.02	-95.78	0.24	95.77	0.24	93.58	0.00	0.00	0.00	0.00	0.00	
400.00	399.41	46.19	30.38	1.79	-1.79	1.35	1.25	399.39	399.41	399.41	46.19	30.38	1.79	0.00	1.79	-1.79	1.26	-6.05	6.05	6.05	6.05	-96.21	0.25	96.20	0.25	93.83	0.00	0.00	0.00	0.00	0.00	
400.00	399.41	20.95	24.46	1.43	-1.44	1.44	1.34	399.39	399.40	399.41	20.95	24.46	1.43	0.00	1.43	-1.44	1.35	-6.07	6.06	6.06	6.06	-96.20	0.25	96.19	0.25	93.63	0.00	0.00	0.00	0.00	0.00	
400.00	399.43	-4.23	18.63	1.10	-1.09	1.53	1.43	399.39	399.42	399.43	-4.23	18.63	1.10	0.00	1.10	-1.09	1.44	-6.07	6.03	6.03	6.03	-95.76	0.25	95.75	0.25	93.01	0.00	0.00	0.00	0.00	0.00	
400.00	399.47	-29.24	12.72	0.74	-0.75	1.62	1.52	399.39	399.46	399.47	-29.24	12.72	0.74	0.00	0.74	-0.75	1.52	-6.03	5.98	5.98	5.98	-94.88	0.25	94.87	0.25	91.94	0.00	0.00	0.00	0.00	0.00	
400.00	399.51	-53.97	6.95	0.41	-0.41	1.70	1.61	399.40	399.50	399.51	-53.97	6.95	0.41	0.00	0.41	-0.41	1.61	-5.96	5.90	5.90	5.90	-93.58	0.25	93.57	0.25	90.46	0.00	0.00	0.00	0.00	0.00	
400.00	399.55	-78.32	1.16	0.06	-0.07	1.79	1.70	399.41	399.54	399.55	-78.32	1.16	0.06	0.00	0.06	-0.07	1.70	-5.86	5.80	5.80	5.80	-91.85	0.25	91.84	0.25	88.55	0.00	0.00	0.00	0.00	0.00	
400.00	399.59	-102.18	-4.44	-0.26	0.26	1.87	1.78	399.43	399.58	399.59	-102.18	-4.44	-0.26	0.00	-0.26	0.26	1.78	-5.72	5.67	5.67	5.67	-89.72	0.25	89.71	0.25	86.24	0.00	0.00	0.00	0.00	0.00	
400.00	399.63	-125.44	-10.02	-0.59	0.59	1.95	1.86	399.44	399.62	399.63	-125.44	-10.02	-0.59	0.00	-0.59	0.59	1.86	-5.56	5.51	5.51	5.51	-87.17	0.24	87.16	0.24	83.52	0.00	0.00	0.00	0.00	0.00	
400.00	399.67	-147.99	-15.36	-0.90	0.90	2.03	1.94	399.46	399.66	399.67	-147.99	-15.36	-0.90	0.00	-0.90	0.90	1.94	-5.38	5.33	5.33	5.33	-84.24	0.24	84.23	0.24	80.42	0.00	0.00	0.00	0.00	0.00	
400.00	399.71	-169.74	-20.62	-1.22	1.21	2.10	2.02	399.48	399.71	399.71	-169.74	-20.62	-1.22	0.00	-1.22	1.21	2.02	-5.18	5.13	5.13	5.13	-80.92	0.23	80.91	0.23	76.94	0.00	0.00	0.00	0.00	0.00	
400.00	399.76	-190.58	-25.59	-1.50	1.51	2.17	2.09	399.50	399.75	399.76	-190.58	-25.59	-1.50	0.00	-1.50	1.51	2.09	-4.95	4.90	4.90	4.90	-77.25	0.23	77.24	0.23	73.11	0.00	0.00	0.00	0.00	0.00	
400.00	399.81	-210.43	-30.45	-1.79	1.79	2.23	2.16	399.53	399.80	399.81	-210.43	-30.45	-1.79	0.00	-1.79	1.79	2.16	-4.71	4.65	4.65	4.65	-73.22	0.21	73.21	0.21	68.93	0.00	0.00	0.00	0.00	0.00	
400.00	399.85	-229.18	-34.97	-2.06	2.06	2.29	2.22	399.55	399.84	399.85	-229.18	-34.97	-2.06	0.00	-2.06	2.06	2.22	-4.44	4.38	4.38	4.38	-68.87	0.21	68.87	0.21	64.45	0.00	0.00	0.00	0.00	0.00	
400.00	399.90	-246.77	-39.33	-2.32	2.31	2.34	2.28	399.58	399.89	399.90	-246.77	-39.33	-2.32	0.00	-2.32	2.31	2.28	-4.15	4.09	4.09	4.09	-64.21	0.19	64.21	0.19	59.65	0.00	0.00	0.00	0.00	0.00	
400.00	399.95	-263.11	-43.32	-2.55	2.55	2.39	2.33	399.61	399.94	399.95	-263.11	-43.32	-2.55	0.00	-2.55	2.55	2.33	-3.84	3.78	3.78	3.78	-59.27	0.19	59.27	0.19	54.59	0.00	0.00	0.00	0.00	0.00	
400.00	400.00	-278.13	-47.12	-2.77	2.77	2.44	2.38	399.65	399.99	400.00	-278.13	-47.12	-2.77	0.00	-2.77	2.77	2.38	-3.51	3.45	3.45	3.45	-54.06	0.17	54.05	0.17	49.26	0.00	0.00	0.00	0.00	0.00	
400.00	400.05	-291.76	-46.71	-2.75	2.75	2.47	2.42	399.68	400.04	400.05	-291.76	-46.71	-2.75	0.00	-2.75	2.75	2.42	-3.17	3.11	3.11	3.11	-48.84	0.44	48.83	0.44	44.22	0.00	0.00	0.00	0.00	0.00	
400.00	400.10	-303.92	-49.12	-2.89	2.88	2.51	2.46	399.72	400.09	400.10	-303.92	-49.12	-2.89	0.00	-2.89	2.88	2.46	-2.81	2.75	2.75	2.75	-43.44	0.82	43.43	0.82	39.12	0.00	0.00	0.00	0.00	0.00	
400.00	400.15	-314.55	-50.93	-2.99	3.00	2.54	2.50	399.75	400.14	400.15	-314.55	-50.93	-2.99	0.00	-2.99	3.00	2.50	-2.44	2.38	2.38	2.38	-37.90	1.28	37.90	1.28	33.97	0.00	0.00	0.00	0.00	0.00	
400.00	400.20	-323.61	-52.52	-3.09	3.08	2.56	2.53	399.79	400.19	400.20	-323.61	-52.52	-3.09	0.00	-3.09	3.08	2.52	-2.05	1.99	1.99	1.99	-32.25	1.80	32.25	1.80	28.78	0.00	0.00	0.00	0.00	0.00	
400.00	400.25	-331.05	-53.85	-3.17	3.17	2.58	2.55	399.83	400.24	400.25	-331.05	-53.85	-3.17	0.00	-3.17	3.17	2.55	-1.66	1.60	1.60	1.60	-26.51	2.39	26.50	2.39	23.58	0.00	0.00	0.00	0.00	0.00	
400.00	400.30	-336.83	-54.91	-3.23	3.23	2.59	2.57	399.87	400.29	400.30	-336.83	-54.91	-3.23	0.00	-3.23	3.23	2.57	-1.25	1.20	1.20	1.20	-20.68	3.02	20.68	3.02	18.35	0.00	0.00	0.00	0.00	0.00	
400.00	400.35	-340.92	-55.69	-3.27	3.28	2.60	2.58	399.91	400.34	400.35	-340.92	-55.69	-3.27	0.00	-3.27	3.28	2.58	-0.85	0.79	0.79	0.79	-14.81	3.70	14.81	3.70	13.13	0.00	0.00	0.00	0.00	0.00	
400.00	400.39	-343.31	-56.20	-3.31	3.30	2.60	2.59	399.96	400.38	400.39	-343.31	-56.20	-3.31	0.00	-3.31	3.30	2.59	-0.43	0.38	0.38	0.38	-8.90	4.40	8.90	4.40	7.90	0.00	0.00	0.00	0.00	0.00	
400.00	400.43	-343.99	-56.42	-3.32	3.32	2.60	2.59	400.00	400.42	400.43	-343.99	-56.42	-3.32	0.00	-3.32	3.32	2.59	-0.02	-0.03	-0.03	-0.03	-2.99	5.12	2.98	5.12	2.70	0.00	0.00	0.00	0.00	0.00	
400.00	400.47	-342.95	-56.36	-3.32	3.31	2.59	2.59	400.04	400.47	400.47	-342.95	-56.36	-3.32	0.00	-3.32	3.31	2.59	0.40	-0.45	-0.45	-0.45	2.92	5.83	-2.93	5.83	-2.48	0.00	0.00	0.00	0.00	0.00	
400.00	400.51	-340.20	-56.02	-3.29	3.30	2.58	2.58	400.08	400.50	400.51	-340.20	-56.02	-3.29	0.00	-3.29	3.30	2.58	0.81	-0.86	-0.86	-0.86	8.79	6.55	-8.80	6.55	-7.62	0.00	0.00	0.00	0.00	0.00	
400.00	200.89	-535.30	-184.11	-10.83	10.82	2.58	2.57	381.86	182.62	200.89	-535.30	-184.11	-10.83	0.00	-10.83	10.82	2.57	-181.40	-1.31	-1.31	-1.31	7.54	14.79	-7.54	14.79	1.89	0.00	0.00	0.00	0.00	0.00	
400.00	19.18	-710.33	-250.64	-14.73	14.74	2.60	2.58	381.83	0.82	19.18	-710.33	-250.64	-14.73	0.00	-14.73	14.74	2.58	-181.69	-1.89	-1.89	-1.89	3.93	26.93	-3.93	26.93	17.63	0.00	0.00	0.00	0.00	0.00	
400.00	-71.70	-791.87	-268.90	-15.81	15.81	2.65	2.61	390.09	-81.88	-71.70	-791.87	-268.90	-15.81	0.00	-15.81	15.81	2.60	-99.14	-2.59	-2.59	-2.59	1.12	40.09	-1.12	40.09	33.55	0.00	0.00	0.00	0.00	0.00	
400.00	-79.94	-787.75	-261.21	-15.35	15.36	2.70	2.65	398.35	-81.92	-79.94	-787.75	-261.21	-15.35	0.00	-15.35	15.36	2.64	-16.50	-3.33	-3.33	-3.33	-0.40	52.76	0.41	52.76	47.66	0.00	0.00	0.00	0.00	0.00	
400.00	-46.84	-739.23	-242.75	-14.27	14.27	2.77	2.70	402.86	-44.39	-46.84	-739.23	-242.75	-14.27	0.00	-14.27	14.27	2.70	28.59	-4.06	-4.06	-4.06	-1.01	64.27	1.02	64.27	59.66	0.00	0.00	0.00	0.00	0.00	
400.00	-9.99	-684.03	-223.16	-13.12	13.13	2.84	2.77	403.61	-6.85	-9.99	-684.03	-223.16	-13.12	0.00	-13.12	13.13	2.76	36.10	-4.74	-4.74	-4.74	-1.08	74.56	1.09	74.56	69.89	0.00	0.00	0.00	0.00	0.00	
400.00	11.83	-641.13	-207.73	-12.22	12.21	2.92	2.84	402.31	13.60	11.83	-641.13	-207.73	-12.22	0.00	-12.22	12.21	2.83	23.11	-5.38	-5.38	-5.38	-0.82	83.85	0.82	83.85	78.76	0.00	0.00	0.00	0.00	0.00	
400.00	16.90	-612.39	-198.76	-11.68	11.69	3.01	2.92	400.67	16.97	16.90	-612.39	-198.76	-11.68	0.00	-11.68	11.69	2.92	6.71	-5.98	-5.98	-5.98	-0.44	92.53	0.45	92.53	86.90	0.00	0.00	0.00	0.00	0.00	
400.00	12.08	-591.10	-194.70	-11.45	11.44	3.11	3.01	399.62	11.04	12.08	-591.10	-194.70	-11.45	0.00	-11.45	11.44	3.01	-3.78	-6.56	-6.56	-6.56	-0.14	100.87	0.14	100.87	94.74	0.00	0.00	0.00	0.00	0.00	
400.00	4.96	-569.75	-192.56	-11.32	11.33	3.22	3.11	399.32	3.56	4.96	-569.75	-192.56	-11.32	0.00	-11.32	11.33	3.10	-6.82	-7.11	-7.11	-7.11	-0.03	108.98	0.03	108.98	102.54	0.00	0.00	0.00	0.00	0.00	
400.00	0.04	-543.97	-189.11	-11.12	11.12	3.33	3.21	399.49	-1.23	0.04	-543.97	-189.11	-11.12	0.00	-11.12	11.12	3.21	-5.09	-7.63	-7.63	-7.63	-0.08	116.77	0.09	116.77	110.17	0.00	0.00	0.00	0.00	0.00	
400.00	-1.63	-512.84	-183.24	-10.77	10.78	3.45	3.32	399.80	-2.64	-1.63	-512.84	-183.24	-10.77	0.00	-10.77	10.78	3.32	-1.98	-8.11	-8.11	-8.11	-0.23	124.10	0.23	124.10	117.41	0.00	0.00	0.00	0.00	0.00	
400.00	-1.06	-477.53	-174.97	-10.29	10.28	3.57	3.44	400.03	-1.89	-1.06	-477.53	-174.97	-10.29	0.00	-10.29	10.28	3.44	0.33	-8.56	-8.56	-8.56	-0.35	130.81	0.36	130.81	124.00	0.00	0.00	0.00	0.00	0.00	
400.00	0.26	-439.66	-165.64	-9.74	9.74	3.71	3.57	400.12	-0.51	0.26	-439.66	-165.64	-9.74	0.00	-9.74	9.74	3.56	1.24	-8.97	-8.97	-8.97	-0.43	136.85	0.43	136.85	129.85	0.00	0.00	0.00	0.00	0.00	
400.00	1.33	-400.43	-155.94	-9.17	9.17	3.84	3.70	400.11	0.50	1.33	-400.43	-155.94	-9.17	0.00	-9.17	9.17	3.70	1.08	-9.34	-9.34	-9.34	-0.43	142.18	0.43	142.18	134.90	0.00	0.00	0.00	0.00	0.00	
400.00	1.79	-360.35	-146.53	-8.61	8.62	3.98	3.83	400.05	0.88	1.79	-360.35	-146.53	-8.61	0.00	-8.61	8.62	3.83	0.52	-9.67	-9.67	-9.67	-0.42	146.82	0.42	146.82	139.25	0.00	0.00	0.00	0.00	0.00	
400.00	1.76	-319.50	-137.11	-8.07	8.06	4.12	3.97	400.00	0.77	1.76	-319.50	-137.11	-8.07	0.00	-8.07	8.06	3.97	0.02	-9.95	-9.95	-9.95	-0.41	150.75	0.41	150.75	142.88	0.00	0.00	0.00	0.00	0.00	
400.00	1.51	-277.78	-127.70	-7.51	7.51	4.27	4.12	399.98	0.47	1.51	-277.78	-127.70	-7.51	0.00	-7.51	7.51	4.11	-0.23	-10.19	-10.19	-10.19	-0.42	153.99	0.41	153.99	145.84	0.00	0.00	0.00	0.00	0.00	
400.00	1.26	-235.17	-117.88	-6.93	6.93	4.42	4.26	399.97	0.20	1.26	-235.17	-117.88	-6.93	0.00	-6.93	6.93	4.26	-0.25	-10.38	-10.38	-10.38	-0.43	156.50	0.42	156.50	148.05	0.00	0.00	0.00	0.00	0.00	
400.00	1.11	-191.76	-107.86	-6.34	6.34	4.57	4.41	399.98	0.04	1.11	-191.76	-107.86	-6.34	0.00	-6.34	6.34	4.41	-0.16	-10.53	-10.53	-10.53	-0.45	158.28	0.45	158.28	149.55	0.00	0.00	0.00	0.00	0.00	
400.00	1.06	-147.75	-97.48	-5.74	5.73	4.71	4.55	399.99	-0.01	1.06	-147.75	-97.48	-5.74	0.00	-5.74	5.73	4.55	-0.06	-10.62	-10.62	-10.62	-0.46	159.30	0.45	159.30	150.26	0.00	0.00	0.00	0.00	0.00	
400.00	1.06	-103.39	-87.08	-5.12	5.12	4.86	4.70	400.00	-0.01	1.06	-103.39	-87.08	-5.12	0.00	-5.12	5.12	4.70	-0.01	-10.67	-10.67	-10.67	-0.47	159.55	0.47	159.55	150.22	0.00	0.00	0.00	0.00	0.00	
400.00	1.05	-58.92	-76.51	-4.50	4.49	5.01	4.85	400.00	-0.01	1.05	-58.92	-76.51	-4.50	0.00	-4.50	4.49	4.85	-0.00	-10.67	-10.67	-10.67	-0.47	159.04	0.47	159.04	149.40	0.00	0.00	0.00	0.00	0.00	
400.00	1.03	-14.57	-66.08	-3.88	3.89	5.15	5.00	400.00	-0.03	1.03	-14.57	-66.08	-3.88	0.00	-3.88	3.89	5.00	-0.02	-10.63	-10.63	-10.63	-0.48	157.77	0.47	157.77	147.83	0.00	0.00	0.00	0.00	0.00	
400.00	0.98	29.45	-55.56	-3.27	3.26	5.30	5.14	399.99	-0.07	0.98	29.45	-55.56	-3.27	0.00	-3.27	3.26	5.14	-0.05	-10.53	-10.53	-10.53	-0.47	155.73	0.47	155.73	145.49	0.00	0.00	0.00	0.00	0.00	
400.00	0.92	72.96	-45.26	-2.66	2.66	5.44	5.28	399.99	-0.13	0.92	72.96	-45.26	-2.66	0.00	-2.66	2.66	5.28	-0.07	-10.39	-10.39	-10.39	-0.48	152.96	0.47	152.96	142.42	0.00	0.00	0.00	0.00	0.00	
400.00	0.84	115.77	-34.95	-2.06	2.05	5.57	5.42	399.99	-0.18	0.84	115.77	-34.95	-2.06	0.00	-2.06	2.05	5.42	-0.07	-10.20	-10.20	-10.20	-0.47	149.43	0.46	149.43	138.60	0.00	0.00	0.00	0.00	0.00	
400.00	0.77	157.70	-24.93	-1.46	1.47	5.70	5.55	399.99	-0.23	0.77	157.70	-24.93	-1.46	0.00	-1.46	1.47	5.56	-0.08	-9.96	-9.96	-9.96	-0.47	145.20	0.46	145.20	134.09	0.00	0.00	0.00	0.00	0.00	
400.00	0.70	198.56	-15.00	-0.89	0.88	5.82	5.68	399.99	-0.28	0.70	198.56	-15.00	-0.89	0.00	-0.89	0.88	5.69	-0.08	-9.68	-9.68	-9.68	-0.46	140.25	0.45	140.25	128.85	0.00	0.00	0.00	0.00	0.00	
400.00	0.62	238.15	-5.45	-0.32	0.32	5.94	5.81	399.99	-0.32	0.62	238.15	-5.45	-0.32	0.00	-0.32	0.32	5.81	-0.08	-9.36	-9.36	-9.36	-0.45	134.63	0.45	134.63	122.97	0.00	0.00	0.00	0.00	0.00	
400.00	0.55	276.32	3.94	0.23	-0.24	6.05	5.92	399.99	-0.36	0.55	276.32	3.94	0.23	0.00	0.23	-0.24	5.93	-0.08	-9.00	-9.00	-9.00	-0.44	128.33	0.43	128.33	116.41	0.00	0.00	0.00	0.00	0.00	
400.00	0.47	312.88	12.85	0.76	-0.75	6.16	6.03	399.99	-0.40	0.47	312.88	12.85	0.76	0.00	0.76	-0.75	6.04	-0.08	-8.59	-8.59	-8.59	-0.43	121.42	0.42	121.42	109.26	0.00	0.00	0.00	0.00	0.00	
400.00	0.39	347.67	21.52	1.26	-1.27	6.25	6.14	399.99	-0.43	0.39	347.67	21.52	1.26	0.00	1.26	-1.27	6.14	-0.08	-8.15	-8.15	-8.15	-0.41	113.89	0.40	113.89	101.50	0.00	0.00	0.00	0.00	0.00	
400.00	0.31	380.53	29.64	1.74	-1.74	6.34	6.23	399.99	-0.47	0.31	380.53	29.64	1.74	0.00	1.74	-1.74	6.24	-0.08	-7.67	-7.67	-7.67	-0.40	105.81	0.39	105.81	93.21	0.00	0.00	0.00	0.00	0.00	
400.00	0.22	411.33	37.45	2.20	-2.21	6.42	6.32	399.99	-0.50	0.22	411.33	37.45	2.20	0.00	2.20	-2.21	6.32	-0.09	-7.16	-7.16	-7.16	-0.38	97.18	0.37	97.18	84.37	0.00	0.00	0.00	0.00	0.00	
400.00	0.14	439.93	44.64	2.63	-2.62	6.48	6.40	399.99	-0.53	0.14	439.93	44.64	2.63	0.00	2.63	-2.62	6.40	-0.09	-6.61	-6.61	-6.61	-0.36	88.06	0.36	88.06	75.09	0.00	0.00	0.00	0.00	0.00	
400.00	0.05	466.19	51.45	3.02	-3.03	6.54	6.46	399.99	-0.56	0.05	466.19	51.45	3.02	0.00	3.02	-3.03	6.47	-0.09	-6.04	-6.04	-6.04	-0.34	78.48	0.33	78.48	65.34	0.00	0.00	0.00	0.00	0.00	
400.00	-0.04	490.01	57.60	3.39	-3.38	6.59	6.52	399.99	-0.59	-0.04	490.01	57.60	3.39	0.00	3.39	-3.38	6.53	-0.09	-5.44	-5.44	-5.44	-0.32	68.50	0.31	68.50	55.22	0.00	0.00	0.00	0.00	0.00	
400.00	-0.12	511.28	63.30	3.72	-3.73	6.63	6.57	399.99	-0.61	-0.12	511.28	63.30	3.72	0.00	3.72	-3.73	6.57	-0.09	-4.82	-4.82	-4.82	-0.29	58.14	0.29	58.14	44.73	0.00	0.00	0.00	0.00	0.00	
400.00	-0.21	529.91	68.29	4.02	-4.01	6.66	6.61	399.99	-0.63	-0.21	529.91	68.29	4.02	0.00	4.02	-4.01	6.61	-0.09	-4.17	-4.17	-4.17	-0.28	47.47	0.27	47.47	33.96	0.00	0.00	0.00	0.00	0.00	
400.00	-0.29	545.82	72.79	4.27	-4.28	6.67	6.63	399.99	-0.65	-0.29	545.82	72.79	4.27	0.00	4.27	-4.28	6.64	-0.09	-3.51	-3.51	-3.51	-0.24	36.50	0.24	36.50	22.91	0.00	0.00	0.00	0.00	0.00	
400.00	-0.37	558.94	76.54	4.50	-4.50	6.67	6.65	399.99	-0.66	-0.37	558.94	76.54	4.50	0.00	4.50	-4.50	6.65	-0.08	-2.83	-2.83	-2.83	-0.22	25.33	0.22	25.33	11.68	0.00	0.00	0.00	0.00	0.00	
400.00	-0.45	569.21	79.77	4.68	-4.70	6.67	6.65	399.99	-0.67	-0.45	569.21	79.77	4.68	0.00	4.68	-4.70	6.66	-0.08	-2.14	-2.14	-2.14	-0.19	13.96	0.18	13.96	0.27	0.00	0.00	0.00	0.00	0.00	
400.00	-0.53	576.60	82.22	4.84	-4.83	6.65	6.65	399.99	-0.68	-0.53	576.60	82.22	4.84	0.00	4.84	-4.83	6.65	-0.08	-1.45	-1.45	-1.45	-0.17	2.47	0.16	2.47	-11.22	0.00	0.00	0.00	0.00	0.00	
400.00	-0.61	581.08	84.13	4.94	-4.95	6.62	6.63	399.99	-0.69	-0.61	581.08	84.13	4.94	0.00	4.94	-4.95	6.63	-0.08	-0.74	-0.74	-0.74	-0.14	-9.11	0.13	-9.11	-22.79	0.00	0.00	0.00	0.00	0.00	
400.00	-0.68	582.63	85.25	5.01	-5.01	6.58	6.60	399.99	-0.69	-0.68	582.63	85.25	5.01	0.00	5.01	-5.01	6.60	-0.08	-0.04	-0.04	-0.04	-0.12	-20.70	0.11	-20.70	-34.34	0.00	0.00	0.00	0.00	0.00	
400.00	-0.65	581.70	329.02	19.34	-19.35	6.57	6.57	400.00	-0.60	-0.65	581.70	329.02	19.34	0.00	19.34	-19.35	6.58	0.01	0.49	0.49	0.49	-14.33	-14.34	14.33	-14.34	-13.71	0.00	0.00	0.00	0.00	0.00	
400.00	-0.43	579.49	575.95	33.86	-33.86	6.55	6.55	400.02	-0.34	-0.43	579.49	575.95	33.86	0.00	33.86	-33.86	6.56	0.20	0.67	0.67	0.67	-14.54	-14.50	14.53	-14.50	-13.63	0.00	0.00	0.00	0.00	0.00	
400.00	-0.20	576.76	453.60	26.66	-26.68	6.60	6.56	400.02	-0.10	-0.20	576.76	453.60	26.66	0.00	26.66	-26.68	6.56	0.23	0.75	0.75	0.75	-34.60	7.13	34.59	7.13	28.05	0.00	0.00	0.00	0.00	0.00	
400.00	-0.20	572.97	250.28	14.72	-14.71	6.64	6.59	400.00	-0.09	-0.20	572.97	250.28	14.72	0.00	14.72	-14.71	6.59	0.02	1.06	1.06	1.06	-42.67	11.91	42.66	11.91	40.83	0.00	0.00	0.00	0.00	0.00	
400.00	-0.42	567.21	146.91	8.63	-8.64	6.68	6.63	399.98	-0.28	-0.42	567.21	146.91	8.63	0.00	8.63	-8.64	6.63	-0.21	1.59	1.59	1.59	-44.61	6.03	44.60	6.03	36.83	0.00	0.00	0.00	0.00	0.00	
400.00	198.70	758.23	174.47	10.26	-10.26	6.70	6.66	381.68	180.61	198.70	758.23	174.47	10.26	0.00	10.26	-10.26	6.66	-183.21	2.30	2.30	2.30	-48.16	-1.65	48.15	-1.65	32.63	0.00	0.00	0.00	0.00	0.00	
400.00	380.17	928.28	274.54	16.13	-16.15	6.74	6.69	381.53	362.03	380.17	928.28	274.54	16.13	0.00	16.13	-16.15	6.69	-184.61	3.17	3.17	3.17	-57.55	-5.94	57.54	-5.94	37.66	0.00	0.00	0.00	0.00	0.00	
400.00	471.08	1004.05	362.56	21.31	-21.32	6.79	6.73	389.67	461.17	471.08	1004.05	362.56	21.31	0.00	21.31	-21.32	6.73	-103.25	4.09	4.09	4.09	-72.06	-5.24	72.05	-5.24	52.78	0.00	0.00	0.00	0.00	0.00	
400.00	479.49	993.58	392.54	23.07	-23.09	6.87	6.78	397.83	477.82	479.49	993.58	392.54	23.07	0.00	23.07	-23.09	6.79	-21.64	4.96	4.96	4.96	-88.25	-1.86	88.23	-1.86	72.23	0.00	0.00	0.00	0.00	0.00	
400.00	446.57	938.25	371.60	21.85	-21.85	6.96	6.86	402.25	449.41	446.57	938.25	371.60	21.85	0.00	21.85	-21.85	6.87	22.61	5.78	5.78	5.78	-103.12	1.13	103.10	1.13	89.93	0.00	0.00	0.00	0.00	0.00	
400.00	409.80	875.74	332.06	19.52	-19.53	7.07	6.95	402.93	413.40	409.80	875.74	332.06	19.52	0.00	19.52	-19.53	6.96	29.41	6.56	6.56	6.56	-115.56	2.20	115.54	2.20	103.24	0.00	0.00	0.00	0.00	0.00	
400.00	387.98	824.99	301.52	17.73	-17.73	7.18	7.06	401.57	390.30	387.98	824.99	301.52	17.73	0.00	17.73	-17.73	7.06	15.77	7.31	7.31	7.31	-126.09	1.68	126.07	1.68	113.03	0.00	0.00	0.00	0.00	0.00	
400.00	382.86	787.87	288.16	16.94	-16.95	7.30	7.17	399.86	383.53	382.86	787.87	288.16	16.94	0.00	16.94	-16.95	7.18	-1.29	8.03	8.03	8.03	-135.70	0.64	135.69	0.64	121.39	0.00	0.00	0.00	0.00	0.00	
400.00	387.63	757.73	286.37	16.84	-16.84	7.43	7.29	398.75	387.26	387.63	757.73	286.37	16.84	0.00	16.84	-16.84	7.30	-12.46	8.71	8.71	8.71	-145.09	-0.03	145.08	-0.03	129.85	0.00	0.00	0.00	0.00	0.00	
400.00	394.73	727.16	286.21	16.82	-16.84	7.57	7.42	398.38	394.05	394.73	727.16	286.21	16.82	0.00	16.82	-16.84	7.43	-16.17	9.36	9.36	9.36	-154.33	-0.15	154.31	-0.15	138.70	0.00	0.00	0.00	0.00	0.00	
400.00	399.65	691.83	282.14	16.59	-16.59	7.72	7.56	398.49	399.14	399.65	691.83	282.14	16.59	0.00	16.59	-16.59	7.56	-15.06	9.95	9.95	9.95	-163.19	0.09	163.17	0.09	147.50	0.00	0.00	0.00	0.00	0.00	
400.00	401.34	650.88	273.08	16.05	-16.06	7.88	7.70	398.74	401.13	401.34	650.88	273.08	16.05	0.00	16.05	-16.06	7.71	-12.52	10.50	10.50	10.50	-171.35	0.36	171.33	0.36	155.63	0.00	0.00	0.00	0.00	0.00	
400.00	400.79	605.48	261.41	15.37	-15.37	8.04	7.86	398.92	400.82	400.79	605.48	261.41	15.37	0.00	15.37	-15.37	7.86	-10.71	11.01	11.01	11.01	-178.67	0.52	178.65	0.52	162.79	0.00	0.00	0.00	0.00	0.00	
400.00	399.47	557.32	248.94	14.63	-14.64	8.21	8.02	398.97	399.59	399.47	557.32	248.94	14.63	0.00	14.63	-14.64	8.03	-10.26	11.47	11.47	11.47	-185.08	0.55	185.07	0.55	168.90	0.00	0.00	0.00	0.00	0.00	
400.00	398.41	507.63	237.02	13.93	-13.94	8.38	8.19	398.91	398.52	398.41	507.63	237.02	13.93	0.00	13.93	-13.94	8.19	-10.82	11.87	11.87	11.87	-190.63	0.53	190.62	0.53	174.07	0.00	0.00	0.00	0.00	0.00	
400.00	397.96	456.97	225.32	13.24	-13.25	8.55	8.36	398.82	398.01	397.96	456.97	225.32	13.24	0.00	13.24	-13.25	8.36	-11.73	12.22	12.22	12.22	-195.31	0.49	195.29	0.49	178.36	0.00	0.00	0.00	0.00	0.00	
400.00	398.00	405.47	213.75	12.57	-12.57	8.73	8.53	398.74	398.00	398.00	405.47	213.75	12.57	0.00	12.57	-12.57	8.54	-12.52	12.51	12.51	12.51	-199.13	0.50	199.12	0.50	181.83	0.00	0.00	0.00	0.00	0.00	
400.00	398.26	353.08	201.70	11.85	-11.87	8.91	8.71	398.69	398.24	398.26	353.08	201.70	11.85	0.00	11.85	-11.87	8.72	-13.01	12.75	12.75	12.75	-202.06	0.51	202.05	0.51	184.40	0.00	0.00	0.00	0.00	0.00	
400.00	398.52	299.84	189.42	11.14	-11.14	9.10	8.89	398.67	398.49	398.52	299.84	189.42	11.14	0.00	11.14	-11.14	8.90	-13.21	12.93	12.93	12.93	-204.09	0.54	204.08	0.54	186.08	0.00	0.00	0.00	0.00	0.00	
400.00	398.69	245.87	176.67	10.38	-10.39	9.28	9.08	398.67	398.67	398.69	245.87	176.67	10.38	0.00	10.38	-10.39	9.08	-13.24	13.05	13.05	13.05	-205.19	0.55	205.17	0.55	186.81	0.00	0.00	0.00	0.00	0.00	
400.00	398.75	191.43	163.92	9.64	-9.64	9.46	9.26	398.68	398.74	398.75	191.43	163.92	9.64	0.00	9.64	-9.64	9.26	-13.21	13.11	13.11	13.11	-205.35	0.57	205.34	0.57	186.61	0.00	0.00	0.00	0.00	0.00	
400.00	398.77	136.81	150.93	8.87	-8.88	9.64	9.44	398.68	398.77	398.77	136.81	150.93	8.87	0.00	8.87	-8.88	9.44	-13.15	13.11	13.11	13.11	-204.57	0.57	204.56	0.57	185.45	0.00	0.00	0.00	0.00	0.00	
400.00	398.79	82.30	138.10	8.12	-8.12	9.82	9.62	398.69	398.79	398.79	82.30	138.10	8.12	0.00	8.12	-8.12	9.62	-13.09	13.05	13.05	13.05	-202.86	0.58	202.85	0.58	183.38	0.00	0.00	0.00	0.00	0.00	
400.00	398.83	28.17	125.15	7.35	-7.36	10.00	9.80	398.70	398.83	398.83	28.17	125.15	7.35	0.00	7.35	-7.36	9.80	-12.99	12.94	12.94	12.94	-200.21	0.57	200.20	0.57	180.35	0.00	0.00	0.00	0.00	0.00	
400.00	398.90	-25.33	112.47	6.61	-6.61	10.17	9.97	398.71	398.89	398.90	-25.33	112.47	6.61	0.00	6.61	-6.61	9.97	-12.85	12.77	12.77	12.77	-196.65	0.58	196.64	0.58	176.44	0.00	0.00	0.00	0.00	0.00	
400.00	398.98	-77.96	99.77	5.86	-5.87	10.33	10.14	398.73	398.97	398.98	-77.96	99.77	5.86	0.00	5.86	-5.87	10.14	-12.63	12.53	12.53	12.53	-192.17	0.57	192.16	0.57	171.60	0.00	0.00	0.00	0.00	0.00	
400.00	399.08	-129.51	87.44	5.14	-5.14	10.49	10.31	398.76	399.06	399.08	-129.51	87.44	5.14	0.00	5.14	-5.14	10.31	-12.35	12.25	12.25	12.25	-186.82	0.57	186.81	0.57	165.90	0.00	0.00	0.00	0.00	0.00	
400.00	399.17	-179.74	75.21	4.42	-4.43	10.65	10.46	398.80	399.16	399.17	-179.74	75.21	4.42	0.00	4.42	-4.43	10.46	-12.01	11.91	11.91	11.91	-180.58	0.55	180.58	0.55	159.33	0.00	0.00	0.00	0.00	0.00	
400.00	399.26	-228.44	63.45	3.73	-3.73	10.79	10.62	398.84	399.25	399.26	-228.44	63.45	3.73	0.00	3.73	-3.73	10.62	-11.62	11.51	11.51	11.51	-173.52	0.55	173.52	0.55	151.94	0.00	0.00	0.00	0.00	0.00	
400.00	399.36	-275.38	51.89	3.05	-3.06	10.93	10.76	398.88	399.34	399.36	-275.38	51.89	3.05	0.00	3.05	-3.06	10.76	-11.17	11.06	11.06	11.06	-165.64	0.53	165.63	0.53	143.75	0.00	0.00	0.00	0.00	0.00	
400.00	399.45	-320.36	40.91	2.41	-2.40	11.05	10.90	398.93	399.44	399.45	-320.36	40.91	2.41	0.00	2.41	-2.40	10.89	-10.68	10.57	10.57	10.57	-156.99	0.52	156.98	0.52	134.81	0.00	0.00	0.00	0.00	0.00	
400.00	399.55	-363.18	30.22	1.77	-1.78	11.17	11.02	398.98	399.54	399.55	-363.18	30.22	1.77	0.00	1.77	-1.78	11.02	-10.14	10.03	10.03	10.03	-147.59	0.50	147.59	0.50	125.12	0.00	0.00	0.00	0.00	0.00	
400.00	399.65	-403.63	20.20	1.19	-1.19	11.28	11.14	399.04	399.64	399.65	-403.63	20.20	1.19	0.00	1.19	-1.19	11.14	-9.55	9.44	9.44	9.44	-137.50	0.49	137.50	0.49	114.78	0.00	0.00	0.00	0.00	0.00	
400.00	399.76	-441.56	10.57	0.62	-0.63	11.37	11.24	399.11	399.74	399.76	-441.56	10.57	0.62	0.00	0.62	-0.63	11.24	-8.93	8.81	8.81	8.81	-126.75	0.46	126.74	0.46	103.78	0.00	0.00	0.00	0.00	0.00	
400.00	399.86	-476.78	1.69	0.10	-0.10	11.45	11.34	399.17	399.85	399.86	-476.78	1.69	0.10	0.00	0.10	-0.10	11.34	-8.26	8.14	8.14	8.14	-115.40	0.44	115.39	0.44	92.21	0.00	0.00	0.00	0.00	0.00	
400.00	399.97	-509.15	-6.72	-0.40	0.39	11.52	11.42	399.24	399.95	399.97	-509.15	-6.72	-0.40	0.00	-0.40	0.39	11.42	-7.56	7.44	7.44	7.44	-103.47	0.42	103.47	0.42	80.09	0.00	0.00	0.00	0.00	0.00	
400.00	400.07	-538.52	-14.32	-0.84	0.84	11.58	11.49	399.32	400.06	400.07	-538.52	-14.32	-0.84	0.00	-0.84	0.84	11.49	-6.82	6.71	6.71	6.71	-91.05	0.39	91.04	0.39	67.50	0.00	0.00	0.00	0.00	0.00	
400.00	400.18	-564.76	-21.38	-1.26	1.25	11.63	11.55	399.39	400.16	400.18	-564.76	-21.38	-1.26	0.00	-1.26	1.25	11.55	-6.06	5.94	5.94	5.94	-78.16	0.36	78.16	0.36	54.46	0.00	0.00	0.00	0.00	0.00	
400.00	400.28	-587.78	-27.56	-1.62	1.62	11.66	11.59	399.47	400.26	400.28	-587.78	-27.56	-1.62	0.00	-1.62	1.62	11.59	-5.27	5.15	5.15	5.15	-64.88	0.34	64.88	0.34	41.07	0.00	0.00	0.00	0.00	0.00	
400.00	400.38	-607.45	-33.15	-1.95	1.94	11.68	11.62	399.55	400.37	400.38	-607.45	-33.15	-1.95	0.00	-1.95	1.94	11.62	-4.45	4.34	4.34	4.34	-51.25	0.30	51.25	0.30	27.34	0.00	0.00	0.00	0.00	0.00	
400.00	400.48	-623.71	-37.82	-2.22	2.23	11.68	11.64	399.64	400.47	400.48	-623.71	-37.82	-2.22	0.00	-2.22	2.23	11.64	-3.62	3.51	3.51	3.51	-37.35	0.28	37.35	0.28	13.38	0.00	0.00	0.00	0.00	0.00	
400.00	400.58	-636.49	-41.86	-2.46	2.46	11.67	11.64	399.72	400.57	400.58	-636.49	-41.86	-2.46	0.00	-2.46	2.46	11.64	-2.77	2.67	2.67	2.67	-23.22	0.24	23.22	0.24	-0.80	0.00	0.00	0.00	0.00	0.00	
400.00	400.68	-645.73	-44.93	-2.64	2.64	11.64	11.63	399.81	400.66	400.68	-645.73	-44.93	-2.64	0.00	-2.64	2.64	11.63	-1.92	1.81	1.81	1.81	-8.94	0.21	8.94	0.21	-15.09	0.00	0.00	0.00	0.00	0.00	
400.00	400.77	-651.40	-47.36	-2.79	2.78	11.60	11.61	399.89	400.75	400.77	-651.40	-47.36	-2.79	0.00	-2.79	2.78	11.61	-1.05	0.95	0.95	0.95	5.45	0.18	-5.45	0.18	-29.46	0.00	0.00	0.00	0.00	0.00	
400.00	400.86	-653.47	-48.81	-2.87	2.87	11.55	11.57	399.98	400.84	400.86	-653.47	-48.81	-2.87	0.00	-2.87	2.87	11.57	-0.19	0.09	0.09	0.09	19.87	0.15	-19.87	0.15	-43.82	0.00	0.00	0.00	0.00	0.00	
400.00	400.84	-652.45	-307.86	-18.10	18.10	11.53	11.53	400.06	400.84	400.84	-652.45	-307.86	-18.10	0.00	-18.10	18.10	11.53	0.59	-0.59	-0.59	-0.59	15.22	15.24	-15.22	15.24	-24.00	0.00	0.00	0.00	0.00	0.00	
400.00	400.61	-649.61	-585.94	-34.45	34.46	11.51	11.51	400.11	400.63	400.61	-649.61	-585.94	-34.45	0.00	-34.45	34.46	11.50	1.08	-0.88	-0.88	-0.88	16.32	16.39	-16.32	16.39	-23.90	0.00	0.00	0.00	0.00	0.00	
400.00	400.34	-645.93	-520.50	-30.61	30.60	11.54	11.50	400.13	400.36	400.34	-645.93	-520.50	-30.61	0.00	-30.61	30.60	11.50	1.28	-1.01	-1.01	-1.01	-3.81	35.45	3.81	35.45	15.30	0.00	0.00	0.00	0.00	0.00	
400.00	400.28	-641.14	-346.95	-20.40	20.40	11.58	11.52	400.14	400.28	400.28	-641.14	-346.95	-20.40	0.00	-20.40	20.40	11.52	1.39	-1.31	-1.31	-1.31	-10.17	44.28	10.18	44.28	30.45	0.00	0.00	0.00	0.00	0.00	
400.00	201.15	-833.51	-259.43	-15.26	15.25	11.60	11.55	381.91	182.86	201.15	-833.51	-259.43	-15.26	0.00	-15.26	15.25	11.55	-180.91	-1.93	-1.93	-1.93	-5.12	47.92	5.12	47.92	28.97	0.00	0.00	0.00	0.00	0.00	
400.00	19.74	-1004.96	-302.26	-17.77	17.78	11.63	11.58	381.86	1.31	19.74	-1004.96	-302.26	-17.77	0.00	-17.77	17.78	11.57	-181.37	-2.84	-2.84	-2.84	2.53	54.07	-2.53	54.07	27.42	0.00	0.00	0.00	0.00	0.00	
400.00	-71.08	-1081.87	-396.83	-23.33	23.33	11.67	11.61	390.10	-81.37	-71.08	-1081.87	-396.83	-23.33	0.00	-23.33	23.33	11.60	-99.05	-3.83	-3.83	-3.83	5.61	65.74	-5.60	65.74	35.96	0.00	0.00	0.00	0.00	0.00	
400.00	-79.43	-1072.34	-457.52	-26.89	26.91	11.73	11.66	398.34	-81.57	-79.43	-1072.34	-457.52	-26.89	0.00	-26.89	26.91	11.65	-16.60	-4.75	-4.75	-4.75	3.62	80.92	-3.62	80.92	53.03	0.00	0.00	0.00	0.00	0.00	
400.00	-46.50	-1017.87	-457.11	-26.88	26.87	11.81	11.72	402.85	-44.22	-46.50	-1017.87	-457.11	-26.88	0.00	-26.88	26.87	11.71	28.43	-5.58	-5.58	-5.58	0.06	95.99	-0.06	95.99	71.53	0.00	0.00	0.00	0.00	0.00	
400.00	-9.77	-956.24	-420.19	-24.70	24.71	11.91	11.80	403.60	-6.81	-9.77	-956.24	-420.19	-24.70	0.00	-24.70	24.71	11.79	35.98	-6.36	-6.36	-6.36	-2.08	108.80	2.09	108.80	86.32	0.00	0.00	0.00	0.00	0.00	
400.00	12.02	-906.38	-382.37	-22.48	22.48	12.01	11.89	402.31	13.62	12.02	-906.38	-382.37	-22.48	0.00	-22.48	22.48	11.88	23.08	-7.11	-7.11	-7.11	-2.12	119.28	2.12	119.28	96.64	0.00	0.00	0.00	0.00	0.00	
400.00	17.14	-870.09	-362.62	-21.32	21.33	12.12	11.99	400.68	17.03	17.14	-870.09	-362.62	-21.32	0.00	-21.32	21.33	11.98	6.75	-7.84	-7.84	-7.84	-1.06	128.49	1.07	128.49	104.59	0.00	0.00	0.00	0.00	0.00	
400.00	12.37	-840.71	-358.85	-21.10	21.10	12.23	12.09	399.63	11.14	12.37	-840.71	-358.85	-21.10	0.00	-21.10	21.10	12.09	-3.72	-8.55	-8.55	-8.55	-0.10	137.36	0.10	137.36	112.27	0.00	0.00	0.00	0.00	0.00	
400.00	5.29	-810.80	-360.32	-21.18	21.19	12.36	12.21	399.32	3.68	5.29	-810.80	-360.32	-21.18	0.00	-21.18	21.19	12.20	-6.78	-9.21	-9.21	-9.21	0.20	146.20	-0.20	146.20	120.57	0.00	0.00	0.00	0.00	0.00	
400.00	0.38	-776.05	-358.08	-21.06	21.05	12.49	12.33	399.49	-1.12	0.38	-776.05	-358.08	-21.06	0.00	-21.06	21.05	12.33	-5.08	-9.82	-9.82	-9.82	0.01	154.77	-0.00	154.77	129.07	0.00	0.00	0.00	0.00	0.00	
400.00	-1.30	-735.60	-350.01	-20.57	20.59	12.63	12.47	399.80	-2.55	-1.30	-735.60	-350.01	-20.57	0.00	-20.57	20.59	12.46	-1.99	-10.39	-10.39	-10.39	-0.34	162.73	0.35	162.73	137.11	0.00	0.00	0.00	0.00	0.00	
400.00	-0.75	-690.64	-337.95	-19.87	19.87	12.78	12.61	400.03	-1.82	-0.75	-690.64	-337.95	-19.87	0.00	-19.87	19.87	12.60	0.32	-10.92	-10.92	-10.92	-0.56	169.82	0.56	169.82	144.12	0.00	0.00	0.00	0.00	0.00	
400.00	0.56	-642.83	-325.03	-19.11	19.12	12.93	12.75	400.12	-0.46	0.56	-642.83	-325.03	-19.11	0.00	-19.11	19.12	12.75	1.23	-11.39	-11.39	-11.39	-0.62	176.01	0.62	176.01	150.07	0.00	0.00	0.00	0.00	0.00	
400.00	1.62	-593.40	-312.55	-18.38	18.37	13.08	12.90	400.11	0.55	1.62	-593.40	-312.55	-18.38	0.00	-18.38	18.37	12.90	1.08	-11.82	-11.82	-11.82	-0.57	181.31	0.57	181.31	155.00	0.00	0.00	0.00	0.00	0.00	
400.00	2.08	-542.92	-300.86	-17.69	17.69	13.24	13.06	400.05	0.91	2.08	-542.92	-300.86	-17.69	0.00	-17.69	17.69	13.05	0.51	-12.19	-12.19	-12.19	-0.54	185.76	0.54	185.76	159.10	0.00	0.00	0.00	0.00	0.00	
400.00	2.04	-491.50	-289.14	-17.00	17.00	13.41	13.22	400.00	0.79	2.04	-491.50	-289.14	-17.00	0.00	-17.00	17.00	13.21	0.01	-12.51	-12.51	-12.51	-0.52	189.35	0.52	189.35	162.34	0.00	0.00	0.00	0.00	0.00	
400.00	1.79	-439.10	-277.17	-16.29	16.30	13.57	13.38	399.98	0.48	1.79	-439.10	-277.17	-16.29	0.00	-16.29	16.30	13.38	-0.23	-12.77	-12.77	-12.77	-0.55	192.08	0.55	192.08	164.76	0.00	0.00	0.00	0.00	0.00	
400.00	1.53	-385.75	-264.57	-15.56	15.55	13.74	13.54	399.98	0.20	1.53	-385.75	-264.57	-15.56	0.00	-15.56	15.55	13.54	-0.26	-12.97	-12.97	-12.97	-0.57	193.90	0.57	193.90	166.26	0.00	0.00	0.00	0.00	0.00	
400.00	1.37	-331.58	-251.70	-14.80	14.80	13.90	13.71	399.98	0.04	1.37	-331.58	-251.70	-14.80	0.00	-14.80	14.80	13.71	-0.17	-13.11	-13.11	-13.11	-0.60	194.80	0.60	194.80	166.84	0.00	0.00	0.00	0.00	0.00	
400.00	1.30	-276.84	-238.52	-14.03	14.02	14.07	13.87	399.99	-0.02	1.30	-276.84	-238.52	-14.03	0.00	-14.03	14.02	13.87	-0.08	-13.19	-13.19	-13.19	-0.60	194.75	0.60	194.75	166.46	0.00	0.00	0.00	0.00	0.00	
400.00	1.29	-221.83	-225.37	-13.25	13.26	14.23	14.04	400.00	-0.04	1.29	-221.83	-225.37	-13.25	0.00	-13.25	13.26	14.03	-0.02	-13.22	-13.22	-13.22	-0.62	193.78	0.62	193.78	165.15	0.00	0.00	0.00	0.00	0.00	
400.00	1.27	-166.84	-212.09	-12.47	12.46	14.39	14.20	400.00	-0.05	1.27	-166.84	-212.09	-12.47	0.00	-12.47	12.46	14.20	-0.02	-13.19	-13.19	-13.19	-0.62	191.85	0.61	191.85	162.89	0.00	0.00	0.00	0.00	0.00	
400.00	1.23	-112.13	-198.95	-11.69	11.70	14.55	14.36	400.00	-0.08	1.23	-112.13	-198.95	-11.69	0.00	-11.69	11.70	14.36	-0.04	-13.09	-13.09	-13.09	-0.62	189.01	0.62	189.01	159.72	0.00	0.00	0.00	0.00	0.00	
400.00	1.17	-57.96	-185.76	-10.93	10.92	14.70	14.51	399.99	-0.13	1.17	-57.96	-185.76	-10.93	0.00	-10.93	10.92	14.51	-0.06	-12.94	-12.94	-12.94	-0.62	185.22	0.62	185.22	155.60	0.00	0.00	0.00	0.00	0.00	
400.00	1.08	-4.57	-172.80	-10.16	10.16	14.85	14.66	399.99	-0.20	1.08	-4.57	-172.80	-10.16	0.00	-10.16	10.16	14.66	-0.08	-12.73	-12.73	-12.73	-0.62	180.54	0.62	180.54	150.61	0.00	0.00	0.00	0.00	0.00	
400.00	0.99	47.83	-159.90	-9.41	9.40	14.99	14.81	399.99	-0.26	0.99	47.83	-159.90	-9.41	0.00	-9.41	9.40	14.81	-0.09	-12.46	-12.46	-12.46	-0.61	174.95	0.61	174.95	144.70	0.00	0.00	0.00	0.00	0.00	
400.00	0.90	98.99	-147.36	-8.66	8.67	15.12	14.95	399.99	-0.32	0.90	98.99	-147.36	-8.66	0.00	-8.66	8.67	14.95	-0.09	-12.14	-12.14	-12.14	-0.61	168.50	0.61	168.50	137.96	0.00	0.00	0.00	0.00	0.00	
400.00	0.81	148.70	-134.98	-7.94	7.93	15.24	15.08	399.99	-0.37	0.81	148.70	-134.98	-7.94	0.00	-7.94	7.93	15.08	-0.09	-11.77	-11.77	-11.77	-0.60	161.18	0.59	161.18	130.35	0.00	0.00	0.00	0.00	0.00	
400.00	0.72	196.74	-123.06	-7.23	7.24	15.36	15.21	399.99	-0.42	0.72	196.74	-123.06	-7.23	0.00	-7.23	7.24	15.21	-0.09	-11.34	-11.34	-11.34	-0.59	153.06	0.59	153.06	121.97	0.00	0.00	0.00	0.00	0.00	
400.00	0.62	242.88	-111.40	-6.56	6.54	15.47	15.32	399.99	-0.47	0.62	242.88	-111.40	-6.56	0.00	-6.56	6.54	15.32	-0.10	-10.86	-10.86	-10.86	-0.57	144.14	0.57	144.14	112.78	0.00	0.00	0.00	0.00	0.00	
400.00	0.53	286.93	-100.31	-5.90	5.90	15.56	15.43	399.99	-0.52	0.53	286.93	-100.31	-5.90	0.00	-5.90	5.90	15.43	-0.10	-10.33	-10.33	-10.33	-0.56	134.47	0.56	134.47	102.89	0.00	0.00	0.00	0.00	0.00	
400.00	0.42	328.69	-89.57	-5.27	5.26	15.65	15.52	399.99	-0.56	0.42	328.69	-89.57	-5.27	0.00	-5.27	5.26	15.52	-0.10	-9.76	-9.76	-9.76	-0.54	124.08	0.53	124.08	92.27	0.00	0.00	0.00	0.00	0.00	
400.00	0.32	367.98	-79.48	-4.67	4.68	15.72	15.61	399.99	-0.60	0.32	367.98	-79.48	-4.67	0.00	-4.67	4.68	15.61	-0.10	-9.15	-9.15	-9.15	-0.53	113.03	0.52	113.03	81.04	0.00	0.00	0.00	0.00	0.00	
400.00	0.22	404.62	-69.85	-4.11	4.10	15.78	15.68	399.99	-0.64	0.22	404.62	-69.85	-4.11	0.00	-4.11	4.10	15.68	-0.11	-8.49	-8.49	-8.49	-0.50	101.35	0.49	101.35	69.17	0.00	0.00	0.00	0.00	0.00	
400.00	0.11	438.46	-60.94	-3.58	3.59	15.83	15.74	399.99	-0.68	0.11	438.46	-60.94	-3.58	0.00	-3.58	3.59	15.74	-0.11	-7.80	-7.80	-7.80	-0.48	89.10	0.48	89.10	56.78	0.00	0.00	0.00	0.00	0.00	
400.00	0.01	469.35	-52.55	-3.10	3.08	15.87	15.79	399.99	-0.71	0.01	469.35	-52.55	-3.10	0.00	-3.10	3.08	15.79	-0.11	-7.08	-7.08	-7.08	-0.45	76.31	0.45	76.31	43.86	0.00	0.00	0.00	0.00	0.00	
400.00	-0.10	497.15	-44.96	-2.64	2.65	15.89	15.82	399.99	-0.74	-0.10	497.15	-44.96	-2.64	0.00	-2.64	2.65	15.83	-0.11	-6.32	-6.32	-6.32	-0.43	63.06	0.43	63.06	30.52	0.00	0.00	0.00	0.00	0.00	
400.00	-0.20	521.76	-37.96	-2.24	2.23	15.90	15.85	399.99	-0.77	-0.20	521.76	-37.96	-2.24	0.00	-2.24	2.23	15.85	-0.11	-5.54	-5.54	-5.54	-0.40	49.39	0.39	49.39	16.76	0.00	0.00	0.00	0.00	0.00	
400.00	-0.31	543.05	-31.81	-1.87	1.87	15.89	15.85	399.99	-0.79	-0.31	543.05	-31.81	-1.87	0.00	-1.87	1.87	15.86	-0.10	-4.74	-4.74	-4.74	-0.38	35.37	0.37	35.37	2.70	0.00	0.00	0.00	0.00	0.00	
400.00	-0.41	560.95	-26.30	-1.55	1.54	15.87	15.85	399.99	-0.81	-0.41	560.95	-26.30	-1.55	0.00	-1.55	1.54	15.85	-0.10	-3.91	-3.91	-3.91	-0.34	21.03	0.33	21.03	-11.66	0.00	0.00	0.00	0.00	0.00	
400.00	-0.51	575.38	-21.68	-1.27	1.28	15.83	15.83	399.99	-0.82	-0.51	575.38	-21.68	-1.27	0.00	-1.27	1.28	15.83	-0.10	-3.07	-3.07	-3.07	-0.31	6.47	0.31	6.47	-26.21	0.00	0.00	0.00	0.00	0.00	
400.00	-0.61	586.29	-17.74	-1.05	1.04	15.79	15.79	399.99	-0.83	-0.61	586.29	-17.74	-1.05	0.00	-1.05	1.04	15.80	-0.10	-2.22	-2.22	-2.22	-0.28	-8.29	0.27	-8.29	-40.92	0.00	0.00	0.00	0.00	0.00	
400.00	-0.70	593.63	-14.72	-0.86	0.87	15.72	15.74	399.99	-0.84	-0.70	593.63	-14.72	-0.86	0.00	-0.86	0.87	15.75	-0.10	-1.36	-1.36	-1.36	-0.25	-23.14	0.24	-23.14	-55.70	0.00	0.00	0.00	0.00	0.00	
400.00	-0.68	597.91	273.80	16.09	-16.11	15.70	15.70	400.00	-0.74	-0.68	597.91	273.80	16.09	0.00	16.09	-16.11	15.70	0.01	-0.69	-0.69	-0.69	-16.98	-16.96	16.97	-16.96	-32.69	0.00	0.00	0.00	0.00	0.00	
400.00	-0.43	600.54	576.42	33.89	-33.89	15.66	15.66	400.02	-0.45	-0.43	600.54	576.42	33.89	0.00	33.89	-33.89	15.67	0.23	-0.45	-0.45	-0.45	-17.84	-17.76	17.83	-17.76	-32.57	0.00	0.00	0.00	0.00	0.00	
400.00	-0.11	602.63	551.13	32.40	-32.41	15.68	15.64	400.03	-0.11	-0.11	602.63	551.13	32.40	0.00	32.40	-32.41	15.65	0.31	-0.41	-0.41	-0.41	-34.55	1.45	34.54	1.45	3.39	0.00	0.00	0.00	0.00	0.00	
400.00	0.02	604.06	398.73	23.44	-23.44	15.70	15.65	400.01	0.01	0.02	604.06	398.73	23.44	0.00	23.44	-23.44	15.66	0.14	-0.23	-0.23	-0.23	-42.28	8.94	42.27	8.94	18.59	0.00	0.00	0.00	0.00	0.00	
400.00	-0.11	604.12	292.48	17.19	-17.20	15.72	15.67	399.98	-0.10	-0.11	604.12	292.48	17.19	0.00	17.19	-17.20	15.67	-0.11	0.13	0.13	0.13	-43.75	6.22	43.74	6.22	17.31	0.00	0.00	0.00	0.00	0.00	
400.00	-0.34	602.38	278.13	16.35	-16.35	15.72	15.68	399.97	-0.31	-0.34	602.38	278.13	16.35	0.00	16.35	-16.35	15.68	-0.23	0.58	0.58	0.58	-44.37	0.84	44.36	0.84	12.53	0.00	0.00	0.00	0.00	0.00	
400.00	-0.53	598.87	313.39	18.42	-18.43	15.73	15.69	399.98	-0.45	-0.53	598.87	313.39	18.42	0.00	18.42	-18.43	15.69	-0.19	1.01	1.01	1.01	-47.05	-2.10	47.04	-2.10	12.25	0.00	0.00	0.00	0.00	0.00	
400.00	199.05	793.18	364.72	21.44	-21.44	15.75	15.70	381.71	180.91	199.05	793.18	364.72	21.44	0.00	21.44	-21.44	15.70	-182.88	1.51	1.51	1.51	-52.74	-3.03	52.73	-3.03	16.98	0.00	0.00	0.00	0.00	0.00	
400.00	380.69	967.07	422.32	24.82	-24.84	15.77	15.71	381.61	362.53	380.69	967.07	422.32	24.82	0.00	24.82	-24.84	15.72	-183.84	2.20	2.20	2.20	-61.78	-3.43	61.77	-3.43	25.58	0.00	0.00	0.00	0.00	0.00	
400.00	471.54	1047.10	467.80	27.50	-27.50	15.81	15.74	389.78	461.63	471.54	1047.10	467.80	27.50	0.00	27.50	-27.50	15.75	-102.12	2.99	2.99	2.99	-73.46	-2.72	73.44	-2.72	37.92	0.00	0.00	0.00	0.00	0.00	
400.00	479.80	1041.21	484.33	28.47	-28.49	15.86	15.78	397.96	478.15	479.80	1041.21	484.33	28.47	0.00	28.47	-28.49	15.79	-20.33	3.79	3.79	3.79	-86.05	-1.05	86.03	-1.05	52.09	0.00	0.00	0.00	0.00	0.00	
400.00	446.75	990.79	472.58	27.78	-27.79	15.93	15.83	402.39	449.61	446.75	990.79	472.58	27.78	0.00	27.78	-27.79	15.84	23.97	4.54	4.54	4.54	-97.89	0.62	97.87	0.62	65.49	0.00	0.00	0.00	0.00	0.00	
400.00	409.94	933.56	446.70	26.26	-26.27	16.01	15.90	403.07	413.55	409.94	933.56	446.70	26.26	0.00	26.26	-26.27	15.91	30.79	5.25	5.25	5.25	-108.12	1.42	108.10	1.42	76.39	0.00	0.00	0.00	0.00	0.00	
400.00	388.14	888.49	423.48	24.90	-24.90	16.09	15.97	401.71	390.45	388.14	888.49	423.48	24.90	0.00	24.90	-24.90	15.98	17.16	5.91	5.91	5.91	-116.91	1.28	116.90	1.28	84.88	0.00	0.00	0.00	0.00	0.00	
400.00	383.05	857.40	410.49	24.13	-24.14	16.18	16.06	400.01	383.72	383.05	857.40	410.49	24.13	0.00	24.13	-24.14	16.07	0.15	6.55	6.55	6.55	-124.85	0.65	124.83	0.65	92.01	0.00	0.00	0.00	0.00	0.00	
400.00	387.86	833.61	406.72	23.91	-23.91	16.28	16.15	398.90	387.48	387.86	833.61	406.72	23.91	0.00	23.91	-23.91	16.16	-10.95	7.16	7.16	7.16	-132.46	0.12	132.45	0.12	98.91	0.00	0.00	0.00	0.00	0.00	
400.00	394.96	809.63	405.71	23.85	-23.86	16.39	16.25	398.54	394.28	394.96	809.63	405.71	23.85	0.00	23.85	-23.86	16.25	-14.57	7.75	7.75	7.75	-139.91	-0.07	139.89	-0.07	105.97	0.00	0.00	0.00	0.00	0.00	
400.00	399.88	781.10	402.90	23.69	-23.69	16.50	16.35	398.65	399.37	399.88	781.10	402.90	23.69	0.00	23.69	-23.69	16.36	-13.40	8.29	8.29	8.29	-147.09	0.05	147.07	0.05	113.05	0.00	0.00	0.00	0.00	0.00	
400.00	401.55	747.13	396.09	23.28	-23.30	16.62	16.46	398.91	401.35	401.55	747.13	396.09	23.28	0.00	23.28	-23.30	16.47	-10.81	8.80	8.80	8.80	-153.74	0.26	153.73	0.26	119.68	0.00	0.00	0.00	0.00	0.00	
400.00	400.99	708.90	386.68	22.73	-22.73	16.74	16.58	399.10	401.03	400.99	708.90	386.68	22.73	0.00	22.73	-22.73	16.59	-8.97	9.27	9.27	9.27	-159.73	0.43	159.71	0.43	125.58	0.00	0.00	0.00	0.00	0.00	
400.00	399.67	668.02	375.90	22.09	-22.11	16.87	16.70	399.14	399.79	399.67	668.02	375.90	22.09	0.00	22.09	-22.11	16.71	-8.49	9.70	9.70	9.70	-164.94	0.48	164.92	0.48	130.60	0.00	0.00	0.00	0.00	0.00	
400.00	398.61	625.72	365.41	21.48	-21.48	17.00	16.83	399.09	398.71	398.61	625.72	365.41	21.48	0.00	21.48	-21.48	16.84	-9.03	10.08	10.08	10.08	-169.41	0.48	169.40	0.48	134.81	0.00	0.00	0.00	0.00	0.00	
400.00	398.15	582.52	355.02	20.87	-20.88	17.13	16.96	399.00	398.20	398.15	582.52	355.02	20.87	0.00	20.87	-20.88	16.97	-9.93	10.42	10.42	10.42	-173.13	0.45	173.12	0.45	138.22	0.00	0.00	0.00	0.00	0.00	
400.00	398.18	538.50	344.97	20.28	-20.28	17.27	17.10	398.92	398.18	398.18	538.50	344.97	20.28	0.00	20.28	-20.28	17.10	-10.72	10.71	10.71	10.71	-176.13	0.45	176.12	0.45	140.94	0.00	0.00	0.00	0.00	0.00	
400.00	398.44	493.59	334.48	19.66	-19.67	17.41	17.23	398.87	398.41	398.44	493.59	334.48	19.66	0.00	19.66	-19.67	17.24	-11.21	10.95	10.95	10.95	-178.37	0.46	178.36	0.46	142.90	0.00	0.00	0.00	0.00	0.00	
400.00	398.69	447.78	323.85	19.04	-19.04	17.55	17.37	398.85	398.66	398.69	447.78	323.85	19.04	0.00	19.04	-19.04	17.38	-11.42	11.15	11.15	11.15	-179.85	0.48	179.83	0.48	144.12	0.00	0.00	0.00	0.00	0.00	
400.00	398.84	401.17	312.64	18.38	-18.39	17.69	17.51	398.85	398.82	398.84	401.17	312.64	18.38	0.00	18.38	-18.39	17.52	-11.47	11.29	11.29	11.29	-180.52	0.50	180.51	0.50	144.52	0.00	0.00	0.00	0.00	0.00	
400.00	398.90	353.98	301.42	17.72	-17.72	17.83	17.65	398.85	398.89	398.90	353.98	301.42	17.72	0.00	17.72	-17.72	17.65	-11.47	11.38	11.38	11.38	-180.40	0.52	180.39	0.52	144.13	0.00	0.00	0.00	0.00	0.00	
400.00	398.90	306.46	289.86	17.04	-17.05	17.97	17.79	398.85	398.90	398.90	306.46	289.86	17.04	0.00	17.04	-17.05	17.79	-11.46	11.42	11.42	11.42	-179.46	0.52	179.45	0.52	142.90	0.00	0.00	0.00	0.00	0.00	
400.00	398.91	258.88	278.47	16.37	-16.37	18.10	17.93	398.85	398.91	398.91	258.88	278.47	16.37	0.00	16.37	-16.37	17.93	-11.44	11.41	11.41	11.41	-177.72	0.54	177.71	0.54	140.89	0.00	0.00	0.00	0.00	0.00	
400.00	398.94	211.47	266.87	15.68	-15.70	18.24	18.06	398.86	398.93	398.94	211.47	266.87	15.68	0.00	15.68	-15.70	18.06	-11.40	11.35	11.35	11.35	-175.16	0.53	175.15	0.53	138.04	0.00	0.00	0.00	0.00	0.00	
400.00	398.99	164.44	255.54	15.02	-15.02	18.37	18.19	398.86	398.98	398.99	164.44	255.54	15.02	0.00	15.02	-15.02	18.20	-11.31	11.24	11.24	11.24	-171.81	0.54	171.80	0.54	134.43	0.00	0.00	0.00	0.00	0.00	
400.00	399.06	118.01	244.06	14.34	-14.36	18.49	18.32	398.88	399.05	399.06	118.01	244.06	14.34	0.00	14.34	-14.36	18.32	-11.16	11.08	11.08	11.08	-167.66	0.53	167.65	0.53	130.01	0.00	0.00	0.00	0.00	0.00	
400.00	399.14	72.37	232.95	13.70	-13.69	18.61	18.44	398.90	399.13	399.14	72.37	232.95	13.70	0.00	13.70	-13.69	18.45	-10.96	10.86	10.86	10.86	-162.75	0.54	162.74	0.54	124.84	0.00	0.00	0.00	0.00	0.00	
400.00	399.22	27.70	221.78	13.03	-13.05	18.72	18.56	398.93	399.21	399.22	27.70	221.78	13.03	0.00	13.03	-13.05	18.56	-10.70	10.60	10.60	10.60	-157.06	0.53	157.05	0.53	118.90	0.00	0.00	0.00	0.00	0.00	
400.00	399.30	-15.78	211.07	12.41	-12.41	18.82	18.67	398.96	399.29	399.30	-15.78	211.07	12.41	0.00	12.41	-12.41	18.67	-10.39	10.30	10.30	10.30	-150.64	0.53	150.63	0.53	112.25	0.00	0.00	0.00	0.00	0.00	
400.00	399.38	-57.88	200.40	11.78	-11.79	18.92	18.78	398.99	399.36	399.38	-57.88	200.40	11.78	0.00	11.78	-11.79	18.78	-10.04	9.95	9.95	9.95	-143.49	0.51	143.48	0.51	104.87	0.00	0.00	0.00	0.00	0.00	
400.00	399.46	-98.43	190.27	11.19	-11.18	19.01	18.87	399.03	399.45	399.46	-98.43	190.27	11.19	0.00	11.19	-11.18	18.87	-9.65	9.55	9.55	9.55	-135.66	0.51	135.65	0.51	96.84	0.00	0.00	0.00	0.00	0.00	
400.00	399.54	-137.23	180.27	10.59	-10.61	19.09	18.96	399.08	399.53	399.54	-137.23	180.27	10.59	0.00	10.59	-10.61	18.96	-9.21	9.11	9.11	9.11	-127.16	0.49	127.15	0.49	88.14	0.00	0.00	0.00	0.00	0.00	
400.00	399.63	-174.12	170.90	10.05	-10.05	19.16	19.04	399.12	399.61	399.63	-174.12	170.90	10.05	0.00	10.05	-10.05	19.04	-8.73	8.63	8.63	8.63	-118.05	0.49	118.04	0.49	78.85	0.00	0.00	0.00	0.00	0.00	
400.00	399.71	-208.94	161.74	9.50	-9.52	19.22	19.11	399.18	399.70	399.71	-208.94	161.74	9.50	0.00	9.50	-9.52	19.11	-8.22	8.12	8.12	8.12	-108.33	0.46	108.32	0.46	68.97	0.00	0.00	0.00	0.00	0.00	
400.00	399.80	-241.53	153.28	9.01	-9.01	19.27	19.17	399.23	399.79	399.80	-241.53	153.28	9.01	0.00	9.01	-9.01	19.17	-7.67	7.57	7.57	7.57	-98.07	0.45	98.06	0.45	58.58	0.00	0.00	0.00	0.00	0.00	
400.00	399.89	-271.76	145.10	8.53	-8.54	19.31	19.22	399.29	399.88	399.89	-271.76	145.10	8.53	0.00	8.53	-8.54	19.22	-7.09	6.98	6.98	6.98	-87.29	0.43	87.28	0.43	47.66	0.00	0.00	0.00	0.00	0.00	
400.00	399.99	-299.49	137.69	8.10	-8.09	19.33	19.26	399.35	399.97	399.99	-299.49	137.69	8.10	0.00	8.10	-8.09	19.26	-6.47	6.37	6.37	6.37	-76.05	0.42	76.04	0.42	36.33	0.00	0.00	0.00	0.00	0.00	
400.00	400.08	-324.60	130.62	7.68	-7.69	19.35	19.28	399.41	400.06	400.08	-324.60	130.62	7.68	0.00	7.68	-7.69	19.28	-5.83	5.73	5.73	5.73	-64.37	0.39	64.36	0.39	24.57	0.00	0.00	0.00	0.00	0.00	
400.00	400.17	-347.00	124.37	7.31	-7.31	19.35	19.30	399.48	400.15	400.17	-347.00	124.37	7.31	0.00	7.31	-7.31	19.30	-5.17	5.06	5.06	5.06	-52.33	0.37	52.32	0.37	12.49	0.00	0.00	0.00	0.00	0.00	
400.00	400.26	-366.58	118.52	6.96	-6.97	19.34	19.30	399.55	400.24	400.26	-366.58	118.52	6.96	0.00	6.96	-6.97	19.30	-4.48	4.38	4.38	4.38	-39.95	0.34	39.94	0.34	0.07	0.00	0.00	0.00	0.00	0.00	
400.00	400.34	-383.27	113.53	6.68	-6.67	19.32	19.29	399.62	400.33	400.34	-383.27	113.53	6.68	0.00	6.68	-6.67	19.29	-3.77	3.67	3.67	3.67	-27.30	0.32	27.30	0.32	-12.57	0.00	0.00	0.00	0.00	0.00	
400.00	400.43	-396.99	108.97	6.40	-6.41	19.28	19.27	399.69	400.42	400.43	-396.99	108.97	6.40	0.00	6.40	-6.41	19.27	-3.05	2.95	2.95	2.95	-14.42	0.29	14.42	0.29	-25.44	0.00	0.00	0.00	0.00	0.00	
400.00	400.51	-407.70	105.32	6.19	-6.19	19.24	19.23	399.77	400.50	400.51	-407.70	105.32	6.19	0.00	6.19	-6.19	19.23	-2.32	2.22	2.22	2.22	-1.38	0.27	1.37	0.27	-38.43	0.00	0.00	0.00	0.00	0.00	
400.00	400.60	-415.34	102.12	6.00	-6.01	19.17	19.19	399.84	400.58	400.60	-415.34	102.12	6.00	0.00	6.00	-6.01	19.18	-1.58	1.48	1.48	1.48	11.80	0.24	-11.80	0.24	-51.54	0.00	0.00	0.00	0.00	0.00	
400.00	400.67	-419.91	99.84	5.87	-5.87	19.10	19.12	399.92	400.66	400.67	-419.91	99.84	5.87	0.00	5.87	-5.87	19.12	-0.83	0.74	0.74	0.74	25.03	0.22	-25.03	0.22	-64.66	0.00	0.00	0.00	0.00	0.00	
400.00	400.64	-421.92	-190.17	-11.19	11.18	19.07	19.07	399.98	400.63	400.64	-421.92	-190.17	-11.19	0.00	-11.19	11.18	19.07	-0.19	0.20	0.20	0.20	17.02	17.07	-17.03	17.07	-39.69	0.00	0.00	0.00	0.00	0.00	
400.00	400.37	-422.77	-480.70	-28.26	28.27	19.03	19.03	400.02	400.39	400.37	-422.77	-480.70	-28.26	0.00	-28.26	28.27	19.03	0.16	0.08	0.08	0.08	17.03	17.13	-17.03	17.13	-39.54	0.00	0.00	0.00	0.00	0.00	
400.00	399.95	-424.01	-705.56	-41.49	41.48	18.99	18.99	400.01	399.99	399.95	-424.01	-705.56	-41.49	0.00	-41.49	41.48	18.98	0.08	0.32	0.32	0.32	13.19	13.25	-13.19	13.25	-39.49	0.00	0.00	0.00	0.00	0.00	
400.01	399.64	-426.26	-551.84	-32.44	32.45	19.00	18.96	399.97	399.66	399.64	-426.26	-551.84	-32.44	0.00	-32.44	32.45	18.96	-0.29	0.61	0.61	0.61	-9.03	26.71	9.03	26.71	-3.77	0.00	0.00	0.00	0.00	0.00	
